BRZ1,20111130190000000,111.9,112.0,111.7,111.7
BRZ1,20111130190500000,111.7,111.7,111.4,111.5
BRZ1,20111130191000000,111.5,111.5,111.4,111.4
BRZ1,20111130191500000,111.4,111.5,111.4,111.5
BRZ1,20111130192000000,111.6,111.6,111.5,111.5
BRZ1,20111130192500000,111.5,111.5,111.4,111.4
BRZ1,20111130193000000,111.4,111.4,111.1,111.2
BRZ1,20111130193500000,111.2,111.5,111.2,111.5
BRZ1,20111130194000000,111.3,111.6,111.3,111.6
BRZ1,20111130194500000,111.7,111.8,111.6,111.6
BRZ1,20111130195000000,111.5,111.6,111.5,111.6
BRZ1,20111130195500000,111.5,111.6,111.5,111.6
BRZ1,20111130200000000,111.5,111.5,111.3,111.3
BRZ1,20111130200500000,111.4,111.4,111.1,111.2
BRZ1,20111130201000000,111.1,111.2,111.0,111.1
BRZ1,20111130201500000,111.0,111.1,111.0,111.0
BRZ1,20111130202000000,111.1,111.1,110.9,110.9
BRZ1,20111130202500000,110.9,110.9,110.6,110.6
BRZ1,20111130203000000,110.6,110.8,110.6,110.7
BRZ1,20111130203500000,110.7,110.8,110.7,110.7
BRZ1,20111130204000000,110.7,110.9,110.7,110.9
BRZ1,20111130204500000,110.9,110.9,110.9,110.9
BRZ1,20111130205000000,110.8,110.8,110.4,110.4
