CUZ1,20111130190500000,239200.0,239200.0,239200.0,239200.0
CUZ1,20111130191000000,238650.0,239350.0,238650.0,239250.0
CUZ1,20111130191500000,239700.0,240550.0,239700.0,240550.0
CUZ1,20111130192000000,241150.0,241350.0,240900.0,240900.0
CUZ1,20111130192500000,241550.0,241600.0,241300.0,241300.0
CUZ1,20111130193000000,240850.0,240850.0,240850.0,240850.0
CUZ1,20111130193500000,240800.0,242000.0,240800.0,242000.0
CUZ1,20111130194500000,242600.0,244000.0,242600.0,243450.0
CUZ1,20111130195000000,243750.0,243800.0,243650.0,243800.0
CUZ1,20111130195500000,243550.0,244550.0,243550.0,244100.0
CUZ1,20111130200000000,244500.0,244500.0,243000.0,243000.0
CUZ1,20111130200500000,243500.0,243500.0,243100.0,243100.0
CUZ1,20111130201000000,242700.0,242800.0,242700.0,242800.0
CUZ1,20111130201500000,242700.0,242850.0,242400.0,242450.0
CUZ1,20111130202000000,242400.0,242550.0,241850.0,242150.0
CUZ1,20111130202500000,241400.0,241400.0,241350.0,241350.0
