EDZ1,20111130190000000,1.3,1.3,1.3,1.3
EDZ1,20111130190500000,1.3,1.3,1.3,1.3
EDZ1,20111130191000000,1.3,1.3,1.3,1.3
EDZ1,20111130191500000,1.3,1.3,1.3,1.3
EDZ1,20111130192000000,1.3,1.3,1.3,1.3
EDZ1,20111130192500000,1.3,1.3,1.3,1.3
EDZ1,20111130193000000,1.3,1.3,1.3,1.3
EDZ1,20111130193500000,1.3,1.3,1.3,1.3
EDZ1,20111130194000000,1.3,1.3,1.3,1.3
EDZ1,20111130194500000,1.3,1.3,1.3,1.3
EDZ1,20111130195000000,1.3,1.3,1.3,1.3
EDZ1,20111130195500000,1.3,1.3,1.3,1.3
EDZ1,20111130200000000,1.3,1.3,1.3,1.3
EDZ1,20111130200500000,1.3,1.3,1.3,1.3
EDZ1,20111130201000000,1.3,1.3,1.3,1.3
EDZ1,20111130201500000,1.3,1.3,1.3,1.3
EDZ1,20111130202000000,1.3,1.3,1.3,1.3
EDZ1,20111130202500000,1.3,1.3,1.3,1.3
EDZ1,20111130203000000,1.3,1.3,1.3,1.3
EDZ1,20111130203500000,1.3,1.3,1.3,1.3
EDZ1,20111130204000000,1.3,1.3,1.3,1.3
EDZ1,20111130204500000,1.3,1.3,1.3,1.3
EDZ1,20111130205000000,1.3,1.3,1.3,1.3
