EuZ1,20111130190000000,41450.0,41450.0,41449.0,41449.0
EuZ1,20111130190500000,41490.0,41490.0,41451.0,41473.0
EuZ1,20111130191000000,41467.0,41470.0,41465.0,41470.0
EuZ1,20111130192500000,41499.0,41500.0,41445.0,41500.0
EuZ1,20111130194000000,41441.0,41441.0,41441.0,41441.0
EuZ1,20111130194500000,41442.0,41456.0,41430.0,41430.0
EuZ1,20111130195000000,41431.0,41431.0,41430.0,41430.0
EuZ1,20111130195500000,41430.0,41444.0,41430.0,41444.0
EuZ1,20111130200500000,41431.0,41465.0,41430.0,41465.0
EuZ1,20111130203500000,41455.0,41455.0,41455.0,41455.0
EuZ1,20111130204000000,41465.0,41469.0,41465.0,41469.0
EuZ1,20111130204500000,41435.0,41435.0,41435.0,41435.0
