GDH2,20111130191000000,1753.7,1753.7,1752.3,1752.3
GDH2,20111130193000000,1758.2,1758.2,1758.2,1758.2
GDH2,20111130193500000,1757.5,1757.5,1757.3,1757.4
GDH2,20111130194500000,1759.2,1759.6,1759.2,1759.6
GDH2,20111130195000000,1760.8,1760.8,1760.8,1760.8
GDH2,20111130200000000,1761.3,1761.3,1761.3,1761.3
GDH2,20111130201000000,1758.6,1758.6,1758.6,1758.6
GDH2,20111130202000000,1760.5,1760.5,1760.5,1760.5
GDH2,20111130202500000,1758.2,1758.2,1758.2,1758.2
GDH2,20111130203500000,1758.1,1758.1,1758.1,1758.1
GDH2,20111130204500000,1757.7,1757.7,1757.7,1757.7
