GDZ1,20111130190000000,1752.8,1752.8,1744.7,1748.0
GDZ1,20111130190500000,1748.0,1748.3,1743.5,1744.0
GDZ1,20111130191000000,1744.9,1745.4,1742.4,1744.4
GDZ1,20111130191500000,1745.1,1747.0,1745.1,1747.0
GDZ1,20111130192000000,1747.8,1749.0,1746.3,1748.8
GDZ1,20111130192500000,1748.0,1749.9,1745.5,1748.7
GDZ1,20111130193000000,1748.7,1753.5,1748.7,1749.8
GDZ1,20111130193500000,1749.7,1750.9,1740.0,1750.5
GDZ1,20111130194000000,1749.5,1750.7,1749.5,1750.7
GDZ1,20111130194500000,1750.0,1750.4,1749.2,1750.4
GDZ1,20111130195000000,1752.0,1752.0,1750.7,1750.7
GDZ1,20111130195500000,1750.2,1752.0,1750.2,1752.0
GDZ1,20111130200000000,1751.7,1753.3,1748.7,1748.7
GDZ1,20111130200500000,1749.5,1749.8,1749.5,1749.6
GDZ1,20111130201000000,1748.1,1750.2,1748.1,1750.2
GDZ1,20111130201500000,1750.1,1750.1,1749.5,1750.1
GDZ1,20111130202000000,1751.1,1751.1,1748.9,1749.4
GDZ1,20111130202500000,1748.0,1748.0,1746.7,1747.1
GDZ1,20111130203000000,1747.1,1747.9,1746.5,1747.2
GDZ1,20111130203500000,1747.8,1747.8,1747.7,1747.7
GDZ1,20111130204000000,1748.7,1748.7,1748.7,1748.7
GDZ1,20111130204500000,1748.8,1749.5,1747.9,1747.9
GDZ1,20111130205000000,1747.0,1747.0,1747.0,1747.0
