GMZ1,20111130190000000,54880.0,54927.0,54402.0,54692.0
GMZ1,20111130190500000,54692.0,54799.0,54649.0,54650.0
GMZ1,20111130191000000,54650.0,54652.0,54650.0,54652.0
GMZ1,20111130191500000,54795.0,54795.0,54500.0,54720.0
GMZ1,20111130192000000,54501.0,54825.0,54501.0,54825.0
GMZ1,20111130192500000,54825.0,54999.0,54610.0,54612.0
GMZ1,20111130193000000,54612.0,54923.0,54612.0,54805.0
GMZ1,20111130193500000,54805.0,55100.0,54805.0,55004.0
GMZ1,20111130194000000,55170.0,55170.0,55170.0,55170.0
GMZ1,20111130194500000,54797.0,55106.0,54797.0,55106.0
GMZ1,20111130195000000,54899.0,54900.0,54899.0,54900.0
GMZ1,20111130195500000,54771.0,54900.0,54771.0,54900.0
GMZ1,20111130200000000,54899.0,54900.0,54899.0,54900.0
GMZ1,20111130201000000,54717.0,54717.0,54716.0,54716.0
GMZ1,20111130202000000,54717.0,54736.0,54710.0,54710.0
GMZ1,20111130202500000,54652.0,54734.0,54514.0,54734.0
GMZ1,20111130203000000,54649.0,54871.0,54649.0,54754.0
GMZ1,20111130204000000,54602.0,54603.0,54602.0,54602.0
