GZZ1,20111130190000000,17550.0,17670.0,17543.0,17628.0
GZZ1,20111130190500000,17629.0,17640.0,17581.0,17581.0
GZZ1,20111130191000000,17581.0,17627.0,17581.0,17616.0
GZZ1,20111130191500000,17616.0,17730.0,17595.0,17672.0
GZZ1,20111130192000000,17674.0,17692.0,17657.0,17683.0
GZZ1,20111130192500000,17682.0,17694.0,17662.0,17665.0
GZZ1,20111130193000000,17666.0,17752.0,17663.0,17750.0
GZZ1,20111130193500000,17750.0,17795.0,17750.0,17790.0
GZZ1,20111130194000000,17790.0,17798.0,17767.0,17770.0
GZZ1,20111130194500000,17770.0,17784.0,17718.0,17720.0
GZZ1,20111130195000000,17719.0,17735.0,17706.0,17721.0
GZZ1,20111130195500000,17721.0,17734.0,17710.0,17712.0
GZZ1,20111130200000000,17713.0,17728.0,17706.0,17712.0
GZZ1,20111130200500000,17712.0,17726.0,17709.0,17716.0
GZZ1,20111130201000000,17715.0,17720.0,17712.0,17713.0
GZZ1,20111130201500000,17713.0,17725.0,17709.0,17715.0
GZZ1,20111130202000000,17717.0,17719.0,17682.0,17688.0
GZZ1,20111130202500000,17685.0,17691.0,17671.0,17684.0
GZZ1,20111130203000000,17684.0,17700.0,17683.0,17698.0
GZZ1,20111130203500000,17698.0,17718.0,17682.0,17704.0
GZZ1,20111130204000000,17709.0,17710.0,17685.0,17690.0
GZZ1,20111130204500000,17689.0,17703.0,17684.0,17685.0
GZZ1,20111130205000000,17691.0,17691.0,17652.0,17653.0
GZZ1,20111130205500000,17653.0,17653.0,17652.0,17652.0
