LKZ1,20111130190000000,17230.0,17337.0,17172.0,17327.0
LKZ1,20111130190500000,17330.0,17337.0,17300.0,17300.0
LKZ1,20111130191000000,17300.0,17307.0,17255.0,17298.0
LKZ1,20111130191500000,17284.0,17300.0,17262.0,17281.0
LKZ1,20111130192000000,17280.0,17296.0,17260.0,17289.0
LKZ1,20111130192500000,17290.0,17323.0,17265.0,17280.0
LKZ1,20111130193000000,17290.0,17300.0,17262.0,17285.0
LKZ1,20111130193500000,17285.0,17343.0,17281.0,17343.0
LKZ1,20111130194000000,17334.0,17371.0,17324.0,17355.0
LKZ1,20111130194500000,17354.0,17360.0,17321.0,17333.0
LKZ1,20111130195000000,17333.0,17334.0,17315.0,17334.0
LKZ1,20111130195500000,17333.0,17343.0,17318.0,17324.0
LKZ1,20111130200000000,17321.0,17339.0,17308.0,17308.0
LKZ1,20111130200500000,17308.0,17313.0,17297.0,17313.0
LKZ1,20111130201000000,17303.0,17313.0,17302.0,17305.0
LKZ1,20111130201500000,17310.0,17329.0,17307.0,17309.0
LKZ1,20111130202000000,17309.0,17309.0,17271.0,17282.0
LKZ1,20111130202500000,17287.0,17289.0,17267.0,17278.0
LKZ1,20111130203000000,17270.0,17279.0,17265.0,17271.0
LKZ1,20111130203500000,17271.0,17298.0,17271.0,17273.0
LKZ1,20111130204000000,17273.0,17291.0,17271.0,17279.0
LKZ1,20111130204500000,17286.0,17286.0,17280.0,17280.0
LKZ1,20111130205000000,17278.0,17284.0,17265.0,17265.0
