MXZ1,20111130190000000,150855.0,151215.0,150800.0,151215.0
MXZ1,20111130190500000,151245.0,151245.0,151075.0,151075.0
MXZ1,20111130191000000,151015.0,151015.0,150960.0,151000.0
MXZ1,20111130191500000,151200.0,151200.0,151200.0,151200.0
MXZ1,20111130192000000,151400.0,151400.0,151400.0,151400.0
MXZ1,20111130192500000,151420.0,151420.0,151420.0,151420.0
MXZ1,20111130193000000,151435.0,151450.0,151435.0,151450.0
MXZ1,20111130193500000,151790.0,152000.0,151790.0,152000.0
MXZ1,20111130194500000,152000.0,152000.0,151800.0,152000.0
MXZ1,20111130195000000,152090.0,152090.0,152090.0,152090.0
MXZ1,20111130202500000,151750.0,151750.0,151750.0,151750.0
MXZ1,20111130204500000,151700.0,151700.0,151700.0,151700.0
MXZ1,20111130205000000,151700.0,151710.0,151680.0,151680.0
