RIH2,20111130190000000,153345.0,154010.0,153345.0,153930.0
RIH2,20111130190500000,153940.0,153950.0,153785.0,153785.0
RIH2,20111130191000000,153500.0,153760.0,153500.0,153680.0
RIH2,20111130191500000,153755.0,153755.0,153750.0,153750.0
RIH2,20111130192000000,153830.0,154000.0,153780.0,154000.0
RIH2,20111130192500000,154050.0,154500.0,154050.0,154415.0
RIH2,20111130193000000,154300.0,154495.0,154300.0,154495.0
RIH2,20111130193500000,154465.0,155000.0,154465.0,155000.0
RIH2,20111130194000000,155085.0,155205.0,155085.0,155185.0
RIH2,20111130194500000,155150.0,155185.0,154905.0,154905.0
RIH2,20111130195000000,154915.0,155200.0,154915.0,155200.0
RIH2,20111130195500000,155020.0,155100.0,154900.0,154900.0
RIH2,20111130200000000,154895.0,154895.0,154895.0,154895.0
RIH2,20111130200500000,154820.0,154820.0,154750.0,154750.0
RIH2,20111130201000000,154850.0,154850.0,154800.0,154800.0
RIH2,20111130201500000,154900.0,154900.0,154800.0,154800.0
RIH2,20111130202000000,154795.0,154795.0,154565.0,154565.0
RIH2,20111130202500000,154500.0,154500.0,154400.0,154400.0
RIH2,20111130203000000,154615.0,154615.0,154500.0,154500.0
RIH2,20111130203500000,154765.0,154765.0,154765.0,154765.0
RIH2,20111130204000000,154725.0,154750.0,154700.0,154700.0
RIH2,20111130204500000,154595.0,154595.0,154550.0,154550.0
RIH2,20111130205000000,154580.0,154580.0,154215.0,154215.0
