RIZ1,20111130190000000,154680.0,156905.0,154550.0,155170.0
RIZ1,20111130190500000,155180.0,155320.0,154925.0,154965.0
RIZ1,20111130191000000,154965.0,155025.0,154725.0,154975.0
RIZ1,20111130191500000,154975.0,155115.0,154865.0,155050.0
RIZ1,20111130192000000,155055.0,155395.0,155020.0,155330.0
RIZ1,20111130192500000,155325.0,155775.0,155260.0,155745.0
RIZ1,20111130193000000,155735.0,155810.0,155530.0,155745.0
RIZ1,20111130193500000,155750.0,156580.0,155720.0,156530.0
RIZ1,20111130194000000,156530.0,156750.0,156425.0,156505.0
RIZ1,20111130194500000,156520.0,156565.0,156220.0,156325.0
RIZ1,20111130195000000,156330.0,156535.0,156150.0,156300.0
RIZ1,20111130195500000,156300.0,156495.0,156195.0,156335.0
RIZ1,20111130200000000,156340.0,156350.0,156000.0,156000.0
RIZ1,20111130200500000,156000.0,156225.0,155960.0,156080.0
RIZ1,20111130201000000,156080.0,156215.0,156055.0,156150.0
RIZ1,20111130201500000,156155.0,156250.0,156075.0,156170.0
RIZ1,20111130202000000,156170.0,156185.0,155820.0,155905.0
RIZ1,20111130202500000,155910.0,155940.0,155735.0,155885.0
RIZ1,20111130203000000,155880.0,156010.0,155820.0,155955.0
RIZ1,20111130203500000,155975.0,156180.0,155940.0,156065.0
RIZ1,20111130204000000,156065.0,156140.0,155850.0,155935.0
RIZ1,20111130204500000,155940.0,156030.0,155860.0,155880.0
RIZ1,20111130205000000,155875.0,155945.0,155560.0,155595.0
RIZ1,20111130205500000,155605.0,155605.0,155590.0,155595.0
