RNZ1,20111130190000000,22487.0,22699.0,22211.0,22620.0
RNZ1,20111130190500000,22618.0,22620.0,22559.0,22559.0
RNZ1,20111130191000000,22554.0,22577.0,22526.0,22560.0
RNZ1,20111130191500000,22560.0,22590.0,22549.0,22551.0
RNZ1,20111130192000000,22551.0,22598.0,22536.0,22592.0
RNZ1,20111130192500000,22584.0,22637.0,22584.0,22629.0
RNZ1,20111130193000000,22603.0,22660.0,22603.0,22644.0
RNZ1,20111130193500000,22642.0,22713.0,22617.0,22711.0
RNZ1,20111130194000000,22702.0,22715.0,22698.0,22698.0
RNZ1,20111130194500000,22684.0,22699.0,22661.0,22662.0
RNZ1,20111130195000000,22637.0,22665.0,22637.0,22665.0
RNZ1,20111130195500000,22648.0,22648.0,22638.0,22639.0
RNZ1,20111130200000000,22613.0,22614.0,22558.0,22561.0
RNZ1,20111130200500000,22606.0,22609.0,22595.0,22595.0
RNZ1,20111130201000000,22591.0,22592.0,22577.0,22577.0
RNZ1,20111130201500000,22585.0,22585.0,22585.0,22585.0
RNZ1,20111130202000000,22574.0,22574.0,22556.0,22556.0
RNZ1,20111130202500000,22520.0,22549.0,22520.0,22536.0
RNZ1,20111130203000000,22525.0,22532.0,22525.0,22532.0
RNZ1,20111130203500000,22529.0,22529.0,22529.0,22529.0
RNZ1,20111130204000000,22526.0,22526.0,22521.0,22521.0
RNZ1,20111130205000000,22516.0,22516.0,22476.0,22476.0
