RSZ1,20111130190000000,10300.0,10311.5,10292.5,10311.5
RSZ1,20111130190500000,10324.0,10324.0,10316.5,10319.0
RSZ1,20111130191000000,10301.0,10304.0,10300.0,10304.0
RSZ1,20111130191500000,10309.0,10319.0,10309.0,10319.0
RSZ1,20111130192000000,10320.5,10320.5,10320.5,10320.5
RSZ1,20111130192500000,10341.0,10350.0,10335.5,10350.0
RSZ1,20111130193000000,10345.0,10350.0,10345.0,10347.0
RSZ1,20111130193500000,10400.0,10400.0,10400.0,10400.0
RSZ1,20111130194500000,10390.0,10390.0,10380.0,10380.0
RSZ1,20111130195000000,10390.0,10390.0,10390.0,10390.0
RSZ1,20111130200500000,10370.0,10370.0,10370.0,10370.0
RSZ1,20111130202000000,10360.0,10360.0,10360.0,10360.0
RSZ1,20111130205000000,10350.0,10350.0,10350.0,10350.0
