SiH2,20111130190000000,31153.0,31257.0,31153.0,31257.0
SiH2,20111130190500000,31270.0,31270.0,31270.0,31270.0
SiH2,20111130191000000,31270.0,31270.0,31270.0,31270.0
SiH2,20111130191500000,31236.0,31236.0,31230.0,31230.0
SiH2,20111130192000000,31227.0,31227.0,31227.0,31227.0
SiH2,20111130192500000,31227.0,31227.0,31227.0,31227.0
SiH2,20111130193500000,31200.0,31233.0,31200.0,31233.0
SiH2,20111130195000000,31188.0,31188.0,31188.0,31188.0
SiH2,20111130195500000,31188.0,31188.0,31188.0,31188.0
SiH2,20111130201500000,31199.0,31199.0,31199.0,31199.0
SiH2,20111130202000000,31198.0,31199.0,31198.0,31199.0
SiH2,20111130202500000,31199.0,31199.0,31199.0,31199.0
SiH2,20111130205000000,31210.0,31210.0,31210.0,31210.0
