SiZ1,20111130190000000,30762.0,30808.0,30761.0,30801.0
SiZ1,20111130190500000,30803.0,30848.0,30800.0,30837.0
SiZ1,20111130191000000,30839.0,30841.0,30814.0,30816.0
SiZ1,20111130191500000,30815.0,30827.0,30811.0,30812.0
SiZ1,20111130192000000,30811.0,30813.0,30794.0,30800.0
SiZ1,20111130192500000,30800.0,30804.0,30772.0,30782.0
SiZ1,20111130193000000,30783.0,30797.0,30774.0,30796.0
SiZ1,20111130193500000,30796.0,30800.0,30784.0,30784.0
SiZ1,20111130194000000,30785.0,30787.0,30775.0,30780.0
SiZ1,20111130194500000,30784.0,30796.0,30777.0,30790.0
SiZ1,20111130195000000,30783.0,30792.0,30774.0,30782.0
SiZ1,20111130195500000,30782.0,30787.0,30778.0,30785.0
SiZ1,20111130200000000,30780.0,30796.0,30779.0,30794.0
SiZ1,20111130200500000,30794.0,30794.0,30767.0,30770.0
SiZ1,20111130201000000,30774.0,30776.0,30767.0,30773.0
SiZ1,20111130201500000,30774.0,30774.0,30767.0,30770.0
SiZ1,20111130202000000,30770.0,30789.0,30770.0,30788.0
SiZ1,20111130202500000,30786.0,30792.0,30784.0,30790.0
SiZ1,20111130203000000,30790.0,30793.0,30785.0,30788.0
SiZ1,20111130203500000,30785.0,30788.0,30778.0,30780.0
SiZ1,20111130204000000,30780.0,30780.0,30767.0,30775.0
SiZ1,20111130204500000,30774.0,30779.0,30772.0,30779.0
SiZ1,20111130205000000,30776.0,30787.0,30776.0,30787.0
SiZ1,20111130205500000,30787.0,30788.0,30787.0,30788.0
