SPZ1,20111130190000000,6777.0,6889.0,6768.0,6814.0
SPZ1,20111130190500000,6818.0,6823.0,6818.0,6823.0
SPZ1,20111130191000000,6820.0,6820.0,6820.0,6820.0
SPZ1,20111130191500000,6825.0,6842.0,6825.0,6840.0
SPZ1,20111130192000000,6837.0,6872.0,6837.0,6872.0
SPZ1,20111130192500000,6867.0,6924.0,6867.0,6920.0
SPZ1,20111130193000000,6915.0,6915.0,6882.0,6900.0
SPZ1,20111130193500000,6908.0,6959.0,6904.0,6959.0
SPZ1,20111130194000000,6959.0,6972.0,6959.0,6972.0
SPZ1,20111130194500000,6964.0,6971.0,6912.0,6912.0
SPZ1,20111130195000000,6936.0,6981.0,6936.0,6966.0
SPZ1,20111130200000000,6950.0,6952.0,6947.0,6947.0
SPZ1,20111130200500000,6950.0,6959.0,6950.0,6954.0
SPZ1,20111130201000000,6952.0,6952.0,6942.0,6942.0
SPZ1,20111130201500000,6942.0,6942.0,6942.0,6942.0
SPZ1,20111130202000000,6940.0,6940.0,6940.0,6940.0
SPZ1,20111130202500000,6931.0,6931.0,6931.0,6931.0
SPZ1,20111130203000000,6932.0,6932.0,6932.0,6932.0
SPZ1,20111130204000000,6932.0,6932.0,6932.0,6932.0
SPZ1,20111130204500000,6929.0,6929.0,6929.0,6929.0
SPZ1,20111130205000000,6927.0,6927.0,6917.0,6917.0
