SRH2,20111130190000000,8898.0,8899.0,8898.0,8899.0
SRH2,20111130190500000,8940.0,8940.0,8940.0,8940.0
SRH2,20111130191000000,8876.0,8879.0,8876.0,8879.0
SRH2,20111130192000000,8939.0,8963.0,8939.0,8963.0
SRH2,20111130192500000,8990.0,9062.0,8990.0,9062.0
SRH2,20111130193000000,9059.0,9059.0,9059.0,9059.0
SRH2,20111130193500000,9060.0,9199.0,9060.0,9199.0
SRH2,20111130194000000,9199.0,9202.0,9183.0,9183.0
SRH2,20111130194500000,9180.0,9180.0,9158.0,9158.0
SRH2,20111130200000000,9121.0,9122.0,9107.0,9107.0
SRH2,20111130201000000,9112.0,9112.0,9112.0,9112.0
SRH2,20111130202000000,9163.0,9165.0,9163.0,9165.0
SRH2,20111130202500000,9100.0,9110.0,9100.0,9110.0
SRH2,20111130203000000,9110.0,9110.0,9110.0,9110.0
SRH2,20111130204000000,9111.0,9111.0,9109.0,9109.0
SRH2,20111130204500000,9106.0,9106.0,9100.0,9100.0
SRH2,20111130205000000,9100.0,9100.0,9100.0,9100.0
