SRZ1,20111130190000000,8761.0,8863.0,8731.0,8848.0
SRZ1,20111130190500000,8849.0,8880.0,8845.0,8866.0
SRZ1,20111130191000000,8868.0,8870.0,8854.0,8859.0
SRZ1,20111130191500000,8860.0,8887.0,8858.0,8884.0
SRZ1,20111130192000000,8885.0,8942.0,8885.0,8928.0
SRZ1,20111130192500000,8927.0,9042.0,8921.0,9039.0
SRZ1,20111130193000000,9034.0,9039.0,8981.0,9012.0
SRZ1,20111130193500000,9012.0,9160.0,9010.0,9132.0
SRZ1,20111130194000000,9135.0,9168.0,9128.0,9128.0
SRZ1,20111130194500000,9128.0,9130.0,9089.0,9095.0
SRZ1,20111130195000000,9095.0,9108.0,9088.0,9091.0
SRZ1,20111130195500000,9092.0,9104.0,9090.0,9104.0
SRZ1,20111130200000000,9104.0,9104.0,9081.0,9083.0
SRZ1,20111130200500000,9082.0,9085.0,9073.0,9073.0
SRZ1,20111130201000000,9074.0,9085.0,9072.0,9079.0
SRZ1,20111130201500000,9079.0,9080.0,9071.0,9075.0
SRZ1,20111130202000000,9077.0,9080.0,9055.0,9059.0
SRZ1,20111130202500000,9060.0,9067.0,9043.0,9067.0
SRZ1,20111130203000000,9066.0,9088.0,9053.0,9075.0
SRZ1,20111130203500000,9077.0,9093.0,9075.0,9079.0
SRZ1,20111130204000000,9080.0,9083.0,9050.0,9057.0
SRZ1,20111130204500000,9056.0,9065.0,9048.0,9052.0
SRZ1,20111130205000000,9051.0,9057.0,9026.0,9027.0
SRZ1,20111130205500000,9027.0,9027.0,9021.0,9027.0
