SVZ1,20111130190000000,32.6,32.6,32.4,32.6
SVZ1,20111130190500000,32.6,32.6,32.4,32.4
SVZ1,20111130191000000,32.4,32.5,32.3,32.4
SVZ1,20111130191500000,32.5,32.5,32.5,32.5
SVZ1,20111130192000000,32.5,32.6,32.5,32.6
SVZ1,20111130192500000,32.5,32.6,32.5,32.6
SVZ1,20111130193000000,32.6,32.6,32.6,32.6
SVZ1,20111130193500000,32.6,32.7,32.6,32.7
SVZ1,20111130194000000,32.7,32.7,32.7,32.7
SVZ1,20111130194500000,32.7,32.8,32.7,32.8
SVZ1,20111130195000000,32.8,32.9,32.8,32.9
SVZ1,20111130195500000,32.9,33.0,32.9,33.0
SVZ1,20111130200000000,33.0,33.0,32.9,32.9
SVZ1,20111130200500000,32.9,32.9,32.9,32.9
SVZ1,20111130201000000,32.9,32.9,32.8,32.9
SVZ1,20111130201500000,32.8,32.8,32.8,32.8
SVZ1,20111130202000000,32.9,32.9,32.8,32.9
SVZ1,20111130202500000,32.8,32.8,32.8,32.8
SVZ1,20111130203000000,32.8,32.8,32.8,32.8
SVZ1,20111130204000000,32.9,32.9,32.9,32.9
SVZ1,20111130205000000,32.8,32.8,32.7,32.7
SVZ1,20111130205500000,32.7,32.7,32.7,32.7
